sample_id,HighImpact,LowImpact,MediumImpact,WildType,LowFrequency,koscore
FLD0001,0.0,0.0,0.0,69.35,30.650000000000006,0.0
FLD0070,0.0,0.0,0.0,71.58,28.42,0.0
FLD0069,0.0,0.0,0.0,69.88,30.120000000000005,0.0
FLD0068,0.0,0.0,0.0,70.9,29.099999999999994,0.0
FLD0067,0.0,0.0,0.0,69.32,30.680000000000007,0.0
FLD0066,0.0,0.0,0.0,69.54,30.459999999999994,0.0
FLD0063,0.0,0.0,0.0,70.19,29.810000000000002,0.0
FLD0062,0.0,0.0,0.0,74.06,25.939999999999998,0.0
FLD0061,0.0,0.0,0.0,73.08,26.92,0.0
FLD0058,0.0,0.0,0.0,71.34,28.659999999999997,0.0
FLD0057,0.0,0.0,0.0,69.11,30.89,0.0
FLD0056,0.0,0.0,0.0,70.28,29.72,0.0
FLD0055,0.0,0.0,0.0,70.41,29.590000000000003,0.0
FLD0053,0.0,0.0,0.0,71.42,28.58,0.0
FLD0052,0.0,0.0,0.0,70.83,29.17,0.0
FLD0051,0.0,0.0,0.0,71.51,28.489999999999995,0.0
FLD0049,0.0,0.0,0.0,70.3,29.700000000000003,0.0
FLD0095,0.0,0.0,0.0,70.7,29.299999999999997,0.0
FLD0071,0.0,0.0,0.0,71.31,28.689999999999998,0.0
FLD0045,0.0,0.0,0.0,69.74,30.260000000000005,0.0
FLD0072,0.0,0.0,0.0,67.72,32.28,0.0
FLD0074,0.0,0.0,0.0,69.17,30.83,0.0
FLD0094,0.0,0.0,0.0,74.01,25.989999999999995,0.0
FLD0092,0.0,0.0,0.0,69.0,31.0,0.0
FLD0091,0.0,0.0,0.0,69.26,30.739999999999995,0.0
FLD0090,0.0,0.0,0.0,68.67,31.33,0.0
FLD0089,0.0,0.0,0.0,67.75,32.25,0.0
FLD0088,0.0,0.0,0.0,68.85,31.150000000000006,0.0
FLD0086,0.0,0.0,0.0,72.46,27.540000000000006,0.0
FLD0085,0.0,0.0,0.0,72.2,27.799999999999997,0.0
FLD0084,0.0,0.0,0.0,74.31,25.689999999999998,0.0
FLD0083,0.0,0.0,0.0,71.95,28.049999999999997,0.0
FLD0081,0.0,0.0,0.0,67.35,32.650000000000006,0.0
FLD0080,0.0,0.0,0.0,67.73,32.269999999999996,0.0
FLD0079,0.0,0.0,0.0,71.14,28.86,0.0
FLD0078,0.0,0.0,0.0,71.65,28.349999999999994,0.0
FLD0077,0.0,0.0,0.0,71.62,28.379999999999995,0.0
FLD0076,0.0,0.0,0.0,69.91,30.090000000000003,0.0
FLD0075,0.0,0.0,0.0,69.92,30.08,0.0
FLD0073,0.0,0.0,0.0,68.18,31.819999999999993,0.0
FLD0043,0.0,0.0,0.0,70.98,29.019999999999996,0.0
FLD0048,0.0,0.0,0.0,68.48,31.519999999999996,0.0
FLD0041,0.0,0.0,0.0,69.4,30.599999999999994,0.0
FLD0025,0.0,0.0,0.0,67.54,32.459999999999994,0.0
FLD0042,0.0,0.0,0.0,69.76,30.239999999999995,0.0
FLD0023,0.0,0.0,0.0,69.78,30.22,0.0
FLD0022,0.0,0.0,0.0,69.59,30.409999999999997,0.0
FLD0020,0.0,0.0,0.0,70.21,29.790000000000006,0.0
FLD0014,0.0,0.0,0.0,69.87,30.129999999999995,0.0
FLD0013,0.0,0.0,0.0,70.02,29.980000000000004,0.0
FLD0012,0.0,0.0,0.0,69.26,30.739999999999995,0.0
FLD0011,0.0,0.0,0.0,70.08,29.92,0.0
FLD0010,0.0,0.0,0.0,65.59,34.41,0.0
FLD0009,0.0,0.0,0.0,66.44,33.56,0.0
FLD0008,0.0,0.0,0.0,68.54,31.459999999999994,0.0
FLD0007,0.0,0.0,0.0,69.11,30.89,0.0
FLD0006,0.0,0.0,0.0,68.07,31.930000000000007,0.0
FLD0005,0.0,0.0,0.0,68.99,31.010000000000005,0.0
FLD0004,0.0,0.0,0.0,69.23,30.769999999999996,0.0
FLD0002,0.0,0.0,0.0,68.22,31.78,0.0
FLD0026,0.0,0.0,0.0,68.91,31.090000000000003,0.0
FLD0027,0.0,0.0,0.0,70.32,29.680000000000007,0.0
FLD0024,0.0,0.0,0.0,66.57,33.43000000000001,0.0
FLD0096,0.0,0.0,0.0,69.03,30.97,0.0
FLD0038,0.0,0.0,0.0,71.76,28.239999999999995,0.0
FLD0029,0.0,0.0,0.0,68.15,31.849999999999994,0.0
FLD0037,0.0,0.0,0.0,71.24,28.760000000000005,0.0
FLD0040,0.0,0.0,0.0,70.08,29.92,0.0
FLD0032,0.0,0.0,0.0,71.25,28.75,0.0
FLD0035,0.0,0.0,0.0,70.46,29.540000000000006,0.0
FLD0033,0.0,0.0,0.0,69.95,30.049999999999997,0.0
FLD0028,0.0,0.0,0.0,70.97,29.03,0.0
FLD0034,0.0,0.0,0.0,69.15,30.849999999999994,0.0
FLD0016,0.0,0.0,5.05,64.99,29.960000000000008,0.04545
FLD0036,0.0,0.0,5.16,62.58,32.260000000000005,0.04644
FLD0093,0.0,0.0,10.1,62.19,27.710000000000008,0.0909
FLD0030,9.73,0.0,0.0,60.91,29.36,0.0973
FLD0039,9.85,0.0,0.0,58.7,31.450000000000003,0.09849999999999999
FLD0047,0.0,16.69,0.0,52.04,31.269999999999996,0.11683
FLD0003,12.28,0.0,0.0,56.38,31.340000000000003,0.12279999999999999
FLD0046,11.84,8.98,0.0,48.81,30.370000000000005,0.18125999999999998
FLD0044,0.0,20.49,8.48,41.36,29.67,0.21974999999999997
FLD0017,0.0,0.0,25.57,41.73,32.7,0.23013000000000003
FLD0060,0.0,0.0,31.7,36.61,31.689999999999998,0.2853
FLD0059,28.57,0.0,0.0,41.2,30.22999999999999,0.2857
FLD0050,0.0,0.0,32.46,38.27,29.269999999999996,0.29214
FLD0018,0.0,0.0,35.27,32.37,32.36,0.31743000000000005
FLD0021,0.0,47.96,0.0,20.71,31.33,0.33571999999999996
FLD0031,0.0,49.91,0.0,19.33,30.760000000000005,0.34936999999999996
FLD0064,0.0,51.2,0.0,17.22,31.58,0.35839999999999994
FLD0082,39.19,0.0,0.0,29.71,31.099999999999994,0.39189999999999997
FLD0065,41.08,0.0,0.0,26.55,32.370000000000005,0.4108
FLD0087,0.0,0.0,47.52,21.42,31.060000000000002,0.42768
FLD0019,44.51,0.0,0.0,24.35,31.14,0.4451
FLD0015,46.29,0.0,0.0,22.92,30.789999999999992,0.4629
FLD0054,56.8,0.0,0.0,14.67,28.53,0.568
