sample_id,HighImpact,LowImpact,MediumImpact,WildType,LowFrequency,koscore
FLD0093,8.16,17.98,0.0,59.65,14.210000000000008,0.20746000000000003
FLD0052,0.0,0.0,24.17,55.93,19.900000000000006,0.21753000000000003
FLD0033,0.0,46.82,0.0,37.41,15.77000000000001,0.32774000000000003
FLD0008,0.0,48.79,0.0,35.15,16.060000000000002,0.34153
FLD0024,35.45,0.0,0.0,45.15,19.400000000000006,0.35450000000000004
FLD0014,8.17,6.42,26.56,41.48,17.370000000000005,0.36568
FLD0053,37.65,0.0,0.0,38.1,24.25,0.3765
FLD0030,33.48,8.88,0.0,35.61,22.03,0.39696
FLD0034,40.91,0.0,0.0,42.12,16.97,0.40909999999999996
FLD0063,0.0,59.6,0.0,24.22,16.180000000000007,0.4172
FLD0013,45.62,0.0,0.0,43.39,10.990000000000009,0.4562
FLD0037,22.85,36.03,0.0,20.19,20.929999999999993,0.48070999999999997
FLD0038,0.0,69.84,0.0,0.0,30.159999999999997,0.48888
FLD0094,22.66,0.0,30.71,22.55,24.08,0.50299
FLD0005,0.0,76.9,0.0,0.0,23.099999999999994,0.5383
FLD0050,0.0,77.47,0.0,0.0,22.53,0.5422899999999999
FLD0065,54.519999999999996,0.0,0.0,28.68,16.80000000000001,0.5451999999999999
FLD0086,0.0,78.03,0.0,0.0,21.97,0.54621
FLD0003,0.0,78.36,0.0,0.0,21.64,0.54852
FLD0025,0.0,79.16,0.0,0.0,20.840000000000003,0.55412
FLD0077,0.0,79.24,0.0,0.0,20.760000000000005,0.55468
FLD0036,0.0,79.27,0.0,0.0,20.730000000000004,0.55489
FLD0044,0.0,79.3,0.0,0.0,20.700000000000003,0.5550999999999999
FLD0019,0.0,79.4,0.0,0.0,20.599999999999994,0.5558
FLD0018,11.09,63.68,0.0,0.0,25.230000000000004,0.5566599999999999
FLD0054,5.82,71.72,0.0,0.0,22.460000000000008,0.56024
FLD0091,0.0,82.12,0.0,0.0,17.879999999999995,0.57484
FLD0085,5.39,75.11,0.0,0.0,19.5,0.57967
FLD0095,8.29,61.91,7.16,0.0,22.640000000000015,0.58071
FLD0087,13.04,65.7,0.0,0.0,21.25999999999999,0.5903
FLD0082,34.46,19.45,12.32,16.51,17.260000000000005,0.59163
FLD0088,24.43,49.67,0.0,0.0,25.900000000000006,0.59199
FLD0010,34.74,35.11,0.0,10.93,19.22,0.59317
FLD0055,17.96,59.1,0.0,0.0,22.939999999999998,0.5932999999999999
FLD0039,60.16,0.0,0.0,18.15,21.689999999999998,0.6015999999999999
FLD0048,21.45,55.55,0.0,0.0,23.0,0.6033499999999999
FLD0096,5.35,78.93,0.0,0.0,15.719999999999999,0.60601
FLD0089,25.88,49.71,0.0,8.07,16.340000000000003,0.6067699999999999
FLD0015,6.65,77.54,0.0,0.0,15.809999999999988,0.6092799999999999
FLD0031,20.44,58.92,0.0,0.0,20.64,0.6168399999999999
FLD0090,13.88,69.65,0.0,0.0,16.47,0.6263500000000001
FLD0068,0.0,0.0,70.34,0.0,29.659999999999997,0.6330600000000001
FLD0027,51.989999999999995,17.119999999999997,0.0,7.84,23.05000000000001,0.6397399999999999
FLD0092,0.0,47.41,35.38,0.0,17.210000000000008,0.6502899999999999
FLD0062,0.0,0.0,72.96,0.0,27.040000000000006,0.65664
FLD0007,19.79,18.19,37.15,0.0,24.870000000000005,0.6595799999999999
FLD0074,25.99,57.17,0.0,0.0,16.840000000000003,0.66009
FLD0022,26.88,56.239999999999995,0.0,0.0,16.88000000000001,0.66248
FLD0080,41.88,35.39,0.0,0.0,22.72999999999999,0.6665300000000001
FLD0067,13.74,22.94,41.46,0.0,21.86,0.6711199999999999
FLD0023,21.56,65.13,0.0,0.0,13.310000000000002,0.6715099999999999
FLD0056,57.16,14.63,0.0,7.41,20.80000000000001,0.67401
FLD0051,0.0,5.68,71.01,0.0,23.310000000000002,0.6788500000000001
FLD0001,31.080000000000002,44.95,7.61,0.0,16.36,0.69394
FLD0043,18.52,26.64,36.14,0.0,18.700000000000003,0.69694
FLD0032,49.92999999999999,0.0,23.04,9.89,17.14,0.70666
FLD0045,45.27,36.91,0.0,0.0,17.819999999999993,0.71107
FLD0084,42.6,41.93,0.0,0.0,15.469999999999999,0.71951
FLD0006,72.78,0.0,0.0,9.9,17.319999999999993,0.7278
FLD0072,53.24,6.45,16.87,0.0,23.439999999999998,0.72938
FLD0059,47.46,37.19,0.0,0.0,15.349999999999994,0.73493
FLD0004,11.8,0.0,68.76,0.0,19.439999999999998,0.7368400000000002
FLD0079,48.85,35.53,0.0,0.0,15.620000000000005,0.73721
FLD0076,53.77,29.05,0.0,0.0,17.179999999999993,0.74105
FLD0035,69.92,0.0,5.71,0.0,24.370000000000005,0.75059
FLD0029,55.760000000000005,27.82,0.0,0.0,16.419999999999987,0.7523400000000001
FLD0078,71.21000000000001,8.26,0.0,0.0,20.529999999999987,0.76992
FLD0058,36.83,0.0,44.68,0.0,18.49000000000001,0.77042
FLD0066,64.33,18.92,0.0,0.0,16.75,0.77574
FLD0070,77.66,0.0,0.0,0.0,22.340000000000003,0.7766
FLD0016,54.69,0.0,25.82,0.0,19.49000000000001,0.77928
FLD0026,78.74000000000001,0.0,0.0,0.0,21.25999999999999,0.7874000000000001
FLD0081,79.75,0.0,0.0,0.0,20.25,0.7975
FLD0049,80.07,0.0,0.0,0.0,19.930000000000007,0.8007
FLD0047,41.86,0.0,42.51,0.0,15.629999999999995,0.80119
FLD0020,67.55,18.12,0.0,0.0,14.329999999999998,0.8023399999999999
FLD0028,73.95,0.0,7.02,0.0,19.03,0.8026800000000001
FLD0060,69.89,0.0,11.69,0.0,18.42,0.80411
FLD0002,81.9,0.0,0.0,0.0,18.099999999999994,0.8190000000000001
FLD0061,60.629999999999995,0.0,23.64,0.0,15.730000000000004,0.8190599999999999
FLD0071,81.91,0.0,0.0,0.0,18.090000000000003,0.8190999999999999
FLD0075,74.69,10.48,0.0,0.0,14.829999999999998,0.82026
FLD0021,82.06,0.0,0.0,0.0,17.939999999999998,0.8206
FLD0083,71.5,7.53,5.99,0.0,14.980000000000004,0.82162
FLD0046,82.44,0.0,0.0,0.0,17.560000000000002,0.8244
FLD0064,82.54,0.0,0.0,0.0,17.459999999999994,0.8254
FLD0073,82.72,0.0,0.0,0.0,17.28,0.8271999999999999
FLD0057,83.08,0.0,0.0,0.0,16.92,0.8308
FLD0069,31.9,0.0,56.95,0.0,11.150000000000006,0.83155
FLD0042,57.77,0.0,29.4,0.0,12.829999999999998,0.8423
FLD0041,84.53,0.0,0.0,0.0,15.469999999999999,0.8453
FLD0017,85.17,0.0,0.0,0.0,14.829999999999998,0.8517
FLD0040,85.23,0.0,0.0,0.0,14.769999999999996,0.8523000000000001
FLD0009,44.5,0.0,46.16,0.0,9.340000000000003,0.86044
FLD0011,87.42,0.0,0.0,0.0,12.579999999999998,0.8742
FLD0012,87.77,0.0,0.0,0.0,12.230000000000004,0.8776999999999999
