plate_id,well,sample_id,HighImpact,MediumImpact,LowImpact,WildType,LowFrequency,koscore
GEP00005_02,D11,FLD0084,0.0,0.0,59.9,18.03,22.069999999999997,5.99
GEP00005_02,G12,FLD0095,0.0,0.0,72.11,0.0,27.89,7.211
GEP00005_02,A7,FLD0049,0.0,0.0,75.76,0.0,24.239999999999995,7.576
GEP00005_02,D8,FLD0060,0.0,0.0,78.38,0.0,21.620000000000005,7.837999999999999
GEP00005_02,G4,FLD0031,0.0,0.0,82.81,0.0,17.189999999999998,8.281
GEP00005_02,A6,FLD0041,10.31,0.0,64.59,0.0,25.099999999999994,16.769000000000002
GEP00005_02,A11,FLD0081,10.25,14.33,11.46,40.38,23.58,19.994
GEP00005_02,F9,FLD0070,18.32,0.0,59.93,0.0,21.75,24.313
GEP00005_02,A3,FLD0017,0.0,35.29,46.01,0.0,18.700000000000006,25.775
GEP00005_02,A2,FLD0009,27.76,0.0,0.0,54.95,17.289999999999992,27.76
GEP00005_02,E7,FLD0053,23.83,0.0,48.66,0.0,27.510000000000005,28.696
GEP00005_02,H1,FLD0008,23.57,0.0,60.41,0.0,16.02000000000001,29.611
GEP00005_02,E1,FLD0005,26.01,0.0,56.48,0.0,17.510000000000005,31.658
GEP00005_02,B1,FLD0002,26.38,0.0,55.32,0.0,18.3,31.912
GEP00005_02,C7,FLD0051,31.82,0.0,40.53,0.0,27.65000000000001,35.873000000000005
GEP00005_02,C6,FLD0043,31.91,0.0,45.21,0.0,22.879999999999995,36.431
GEP00005_02,C3,FLD0019,32.71,0.0,40.84,10.46,15.98999999999998,36.794
GEP00005_02,D5,FLD0036,32.77,0.0,40.48,0.0,26.75,36.81800000000001
GEP00005_02,G11,FLD0087,33.06,0.0,40.44,0.0,26.5,37.104
GEP00005_02,F12,FLD0094,38.24,0.0,0.0,34.89,26.870000000000005,38.24
GEP00005_02,G6,FLD0047,34.55,0.0,40.35,0.0,25.099999999999994,38.585
GEP00005_02,F10,FLD0078,38.97,0.0,0.0,37.92,23.11,38.97
GEP00005_02,E12,FLD0093,37.35,0.0,36.87,0.0,25.78,41.037
GEP00005_02,F8,FLD0062,37.11,0.0,39.85,0.0,23.039999999999992,41.095
GEP00005_02,G9,FLD0071,37.93,0.0,37.64,0.0,24.43000000000001,41.693999999999996
GEP00005_02,C4,FLD0027,41.75,0.0,0.0,41.24,17.00999999999999,41.75
GEP00005_02,D9,FLD0068,39.37,0.0,38.15,0.0,22.480000000000004,43.185
GEP00005_02,D3,FLD0020,40.57,0.0,41.65,0.0,17.78,44.735
GEP00005_02,F4,FLD0030,0.0,76.02,0.0,0.0,23.980000000000004,45.612
GEP00005_02,E4,FLD0029,45.95,0.0,31.66,0.0,22.39,49.11600000000001
GEP00005_02,E9,FLD0069,48.82,0.0,28.34,0.0,22.840000000000003,51.653999999999996
GEP00005_02,C12,FLD0091,50.7,6.65,0.0,18.49,24.16000000000001,54.69
GEP00005_02,G7,FLD0055,31.06,41.7,0.0,0.0,27.239999999999995,56.08
GEP00005_02,E6,FLD0045,31.59,46.16,0.0,0.0,22.25,59.286
GEP00005_02,E2,FLD0013,41.18,34.39,0.0,0.0,24.43000000000001,61.81399999999999
GEP00005_02,F5,FLD0038,40.37,36.19,0.0,0.0,23.44,62.084
GEP00005_02,E3,FLD0021,60.07,0.0,23.4,0.0,16.53,62.41
GEP00005_02,E11,FLD0085,47.42,28.2,0.0,0.0,24.379999999999995,64.34
GEP00005_02,B7,FLD0050,66.5,0.0,0.0,0.0,33.5,66.5
GEP00005_02,F3,FLD0022,63.51,6.38,0.0,14.61,15.5,67.33800000000001
GEP00005_02,A10,FLD0073,68.87,0.0,0.0,0.0,31.129999999999995,68.87
GEP00005_02,A8,FLD0057,57.76,20.79,0.0,0.0,21.450000000000006,70.234
GEP00005_02,B5,FLD0034,69.62,0.0,7.33,0.0,23.05,70.35300000000001
GEP00005_02,F7,FLD0054,74.64,0.0,0.0,0.0,25.36,74.64
GEP00005_02,D7,FLD0052,74.68,0.0,0.0,0.0,25.319999999999997,74.68
GEP00005_02,A4,FLD0025,61.99,21.66,0.0,0.0,16.349999999999994,74.986
GEP00005_02,G10,FLD0079,75.16,0.0,0.0,0.0,24.840000000000003,75.16
GEP00005_02,H5,FLD0040,75.57,0.0,0.0,0.0,24.43000000000001,75.57
GEP00005_02,H4,FLD0032,75.7,0.0,0.0,0.0,24.3,75.7
GEP00005_02,D6,FLD0044,75.74000000000002,0.0,0.0,0.0,24.25999999999999,75.74000000000002
GEP00005_02,C5,FLD0035,76.03,0.0,0.0,0.0,23.97,76.03
GEP00005_02,B8,FLD0058,76.13999999999999,0.0,0.0,0.0,23.86000000000001,76.13999999999999
GEP00005_02,A1,FLD0001,76.14,0.0,0.0,0.0,23.86,76.14
GEP00005_02,B6,FLD0042,76.14,0.0,0.0,0.0,23.86,76.14
GEP00005_02,E8,FLD0061,76.16,0.0,0.0,0.0,23.840000000000003,76.16
GEP00005_02,F6,FLD0046,76.19,0.0,0.0,0.0,23.81,76.19
GEP00005_02,D10,FLD0076,76.39,0.0,0.0,0.0,23.61,76.39
GEP00005_02,G5,FLD0039,76.57,0.0,0.0,0.0,23.43000000000001,76.57
GEP00005_02,H6,FLD0048,76.69,0.0,0.0,0.0,23.31,76.69
GEP00005_02,C9,FLD0067,76.8,0.0,0.0,0.0,23.200000000000006,76.8
GEP00005_02,A5,FLD0033,76.96,0.0,0.0,0.0,23.04000000000001,76.96
GEP00005_02,B10,FLD0074,77.21,0.0,0.0,0.0,22.79000000000001,77.21
GEP00005_02,E10,FLD0077,77.28,0.0,0.0,0.0,22.72,77.28
GEP00005_02,D12,FLD0092,77.29,0.0,0.0,0.0,22.709999999999994,77.29
GEP00005_02,C11,FLD0083,77.35,0.0,0.0,0.0,22.65000000000001,77.35
GEP00005_02,E5,FLD0037,77.41,0.0,0.0,0.0,22.590000000000003,77.41
GEP00005_02,G8,FLD0063,77.54,0.0,0.0,0.0,22.459999999999994,77.54
GEP00005_02,F11,FLD0086,77.56,0.0,0.0,0.0,22.44,77.56
GEP00005_02,A12,FLD0089,77.63,0.0,0.0,0.0,22.370000000000005,77.63
GEP00005_02,B11,FLD0082,77.9,0.0,0.0,0.0,22.099999999999994,77.9
GEP00005_02,D2,FLD0012,78.03,0.0,0.0,7.55,14.420000000000002,78.03
GEP00005_02,G2,FLD0015,78.08,0.0,0.0,0.0,21.92,78.08
GEP00005_02,B12,FLD0090,78.14,0.0,0.0,0.0,21.86,78.14
GEP00005_02,B9,FLD0066,78.14,0.0,0.0,0.0,21.86,78.14
GEP00005_02,C8,FLD0059,78.35,0.0,0.0,0.0,21.65000000000001,78.35
GEP00005_02,A9,FLD0065,78.65,0.0,0.0,0.0,21.349999999999994,78.65
GEP00005_02,F2,FLD0014,81.44,0.0,0.0,0.0,18.56,81.44
GEP00005_02,G3,FLD0023,82.51,0.0,0.0,0.0,17.489999999999995,82.51
GEP00005_02,F1,FLD0006,82.58,0.0,0.0,0.0,17.42,82.58
GEP00005_02,H2,FLD0016,83.28,0.0,0.0,0.0,16.72,83.28
GEP00005_02,D1,FLD0004,83.47,0.0,0.0,0.0,16.53,83.47
GEP00005_02,B4,FLD0026,83.82,0.0,0.0,0.0,16.180000000000007,83.82
GEP00005_02,D4,FLD0028,84.16,0.0,0.0,0.0,15.840000000000005,84.16
GEP00005_02,B2,FLD0010,84.43,0.0,0.0,0.0,15.569999999999993,84.43
GEP00005_02,B3,FLD0018,84.53,0.0,0.0,0.0,15.47,84.53
GEP00005_02,G1,FLD0007,84.6,0.0,0.0,0.0,15.400000000000004,84.6
GEP00005_02,H3,FLD0024,84.71000000000002,0.0,0.0,0.0,15.289999999999992,84.71000000000002
GEP00005_02,C1,FLD0003,84.86,0.0,0.0,0.0,15.14,84.86
GEP00005_02,C2,FLD0011,85.66,0.0,0.0,0.0,14.340000000000005,85.66
