sample_id,HighImpact,LowImpact,MediumImpact,WildType,LowFrequency,koscore
FLD0068,0.0,0.0,0.0,81.67,18.33,0.0
FLD0010,0.0,0.0,0.0,73.73,26.269999999999996,0.0
FLD0088,7.52,0.0,23.52,33.16,35.80000000000001,0.28687999999999997
FLD0066,0.0,50.47,0.0,27.04,22.49000000000001,0.35328999999999994
FLD0069,0.0,59.02,0.0,22.18,18.799999999999997,0.41314
FLD0079,0.0,60.34,0.0,18.05,21.61,0.42238
FLD0083,8.96,54.199999999999996,0.0,10.89,25.950000000000003,0.469
FLD0065,12.08,52.87,0.0,0.0,35.05,0.49088999999999994
FLD0071,0.0,71.19,0.0,7.74,21.070000000000007,0.49833
FLD0093,0.0,59.47,10.7,0.0,29.83,0.51259
FLD0074,0.0,75.15,0.0,0.0,24.849999999999994,0.52605
FLD0045,0.0,75.48,0.0,0.0,24.519999999999996,0.5283599999999999
FLD0039,36.13,24.21,0.0,10.26,29.39999999999999,0.53077
FLD0017,0.0,61.5,12.5,0.0,26.0,0.5429999999999999
FLD0073,0.0,0.0,60.39,15.95,23.659999999999997,0.5435099999999999
FLD0092,0.0,78.6,0.0,0.0,21.400000000000006,0.5501999999999999
FLD0002,0.0,80.48,0.0,0.0,19.519999999999996,0.56336
FLD0051,56.69,0.0,0.0,0.0,43.31,0.5669
FLD0036,0.0,7.06,58.22,0.0,34.72,0.5734
FLD0095,8.41,8.07,49.660000000000004,0.0,33.86,0.58753
FLD0076,0.0,60.62,18.14,0.0,21.24000000000001,0.5876
FLD0058,18.07,44.989999999999995,10.6,0.0,26.340000000000003,0.5910299999999999
FLD0013,0.0,84.64,0.0,0.0,15.36,0.59248
FLD0006,20.95,49.06,5.13,0.0,24.86,0.59909
FLD0052,28.29,46.43,0.0,0.0,25.28,0.60791
FLD0038,0.0,39.76,36.75,0.0,23.49000000000001,0.60907
FLD0075,26.83,50.38,0.0,0.0,22.789999999999992,0.62096
FLD0062,25.94,51.7,0.0,0.0,22.36,0.6213
FLD0048,0.0,21.64,52.48,0.0,25.879999999999995,0.6237999999999999
FLD0050,37.53,36.26,0.0,0.0,26.210000000000008,0.62912
FLD0046,27.79,50.28,0.0,0.0,21.930000000000007,0.62986
FLD0022,51.5,16.47,0.0,0.0,32.03,0.63029
FLD0028,46.23,0.0,19.3,8.18,26.289999999999992,0.6359999999999999
FLD0024,0.0,0.0,71.16,0.0,28.840000000000003,0.64044
FLD0011,26.34,54.28,0.0,0.0,19.379999999999995,0.6433599999999999
FLD0086,22.64,37.48,18.009999999999998,0.0,21.870000000000005,0.65085
FLD0044,6.71,39.16,34.54,0.0,19.590000000000003,0.65208
FLD0007,19.12,47.43,14.41,0.0,19.040000000000006,0.6528999999999999
FLD0031,41.349999999999994,34.93,0.0,0.0,23.72,0.6580099999999999
FLD0042,14.55,0.0,57.13,0.0,28.319999999999993,0.65967
FLD0078,31.09,50.68,0.0,0.0,18.230000000000004,0.66566
FLD0043,0.0,9.31,66.93,0.0,23.75999999999999,0.66754
FLD0057,60.23,0.0,8.28,0.0,31.49000000000001,0.67682
FLD0009,68.17,0.0,0.0,0.0,31.83,0.6817
FLD0056,21.28,0.0,52.510000000000005,0.0,26.209999999999994,0.6853900000000002
FLD0091,50.06,0.0,20.740000000000002,0.0,29.19999999999999,0.68726
FLD0018,43.49,0.0,28.35,0.0,28.159999999999997,0.6900499999999999
FLD0041,0.0,0.0,76.86,0.0,23.14,0.69174
FLD0064,0.0,0.0,77.28,0.0,22.72,0.69552
FLD0059,0.0,0.0,77.71000000000001,0.0,22.289999999999992,0.6993900000000001
FLD0015,45.33,35.41,0.0,0.0,19.260000000000005,0.7011699999999998
FLD0023,57.74,0.0,15.23,0.0,27.03,0.71447
FLD0005,18.35,0.0,59.129999999999995,0.0,22.52000000000001,0.71567
FLD0049,66.93,0.0,5.3,0.0,27.769999999999996,0.7170000000000001
FLD0033,66.43,8.06,0.0,0.0,25.50999999999999,0.72072
FLD0084,72.39,0.0,0.0,0.0,27.61,0.7239
FLD0019,72.57,0.0,0.0,0.0,27.430000000000007,0.7256999999999999
FLD0030,64.41,0.0,9.42,0.0,26.17,0.7288799999999999
FLD0081,73.38,0.0,0.0,0.0,26.620000000000005,0.7338
FLD0070,73.58,0.0,0.0,0.0,26.42,0.7358
FLD0096,0.0,0.0,82.28,0.0,17.72,0.7405200000000001
FLD0089,75.17,0.0,0.0,0.0,24.83,0.7517
FLD0047,76.09,0.0,0.0,0.0,23.909999999999997,0.7609
FLD0008,72.07,0.0,5.15,0.0,22.78,0.76705
FLD0034,76.83,0.0,0.0,0.0,23.17,0.7683
FLD0090,0.0,0.0,86.38,0.0,13.620000000000005,0.77742
FLD0014,78.39,0.0,0.0,0.0,21.61,0.7839
FLD0054,78.4,0.0,0.0,0.0,21.599999999999994,0.784
FLD0063,78.41,0.0,0.0,0.0,21.590000000000003,0.7841
FLD0003,62.2,23.21,0.0,0.0,14.590000000000003,0.78447
FLD0016,78.62,0.0,0.0,0.0,21.379999999999995,0.7862
FLD0004,79.05,0.0,0.0,0.0,20.950000000000003,0.7905
FLD0060,79.56,0.0,0.0,0.0,20.439999999999998,0.7956
FLD0067,80.91999999999999,0.0,0.0,0.0,19.080000000000013,0.8091999999999999
FLD0001,22.17,0.0,65.42999999999999,0.0,12.400000000000006,0.8105699999999999
FLD0061,60.46,0.0,23.56,0.0,15.980000000000004,0.81664
FLD0025,0.0,0.0,92.11,0.0,7.890000000000001,0.82899
FLD0012,82.9,0.0,0.0,0.0,17.099999999999994,0.8290000000000001
