plate_id,well,sample_id,HighImpact,MediumImpact,LowImpact,WildType,LowFrequency,koscore
GEP00005_02,D9,FLD0068,0.0,0.0,0.0,81.67,18.33,0.0
GEP00005_02,B2,FLD0010,0.0,0.0,0.0,73.73,26.27,0.0
GEP00005_02,H11,FLD0088,7.52,23.52,0.0,33.16,35.80000000000001,0.28688
GEP00005_02,B9,FLD0066,0.0,0.0,50.47,27.04,22.49000000000001,0.35328999999999994
GEP00005_02,E9,FLD0069,0.0,0.0,59.02,22.18,18.8,0.41313999999999995
GEP00005_02,G10,FLD0079,0.0,0.0,60.34,18.05,21.61,0.42238000000000003
GEP00005_02,C11,FLD0083,8.96,0.0,54.2,10.89,25.950000000000006,0.469
GEP00005_02,A9,FLD0065,12.08,0.0,52.87,0.0,35.05,0.49089
GEP00005_02,G9,FLD0071,0.0,0.0,71.19,7.74,21.070000000000007,0.49833
GEP00005_02,E12,FLD0093,0.0,10.7,59.47,0.0,29.83,0.51259
GEP00005_02,B10,FLD0074,0.0,0.0,75.15,0.0,24.849999999999994,0.52605
GEP00005_02,E6,FLD0045,0.0,0.0,75.48,0.0,24.52,0.5283599999999999
GEP00005_02,G5,FLD0039,36.13,0.0,24.21,10.26,29.39999999999999,0.53077
GEP00005_02,A3,FLD0017,0.0,12.5,61.5,0.0,26.0,0.5429999999999999
GEP00005_02,A10,FLD0073,0.0,60.39,0.0,15.95,23.66,0.5435099999999999
GEP00005_02,D12,FLD0092,0.0,0.0,78.6,0.0,21.400000000000006,0.5501999999999999
GEP00005_02,B1,FLD0002,0.0,0.0,80.48,0.0,19.52,0.5633600000000001
GEP00005_02,C7,FLD0051,56.69,0.0,0.0,0.0,43.31,0.5669
GEP00005_02,D5,FLD0036,0.0,58.22,7.06,0.0,34.72,0.5734
GEP00005_02,G12,FLD0095,8.41,49.66,8.07,0.0,33.86,0.58753
GEP00005_02,D10,FLD0076,0.0,18.14,60.62,0.0,21.240000000000013,0.5876
GEP00005_02,B8,FLD0058,18.07,10.6,44.99,0.0,26.340000000000003,0.5910299999999999
GEP00005_02,E2,FLD0013,0.0,0.0,84.64,0.0,15.36,0.59248
GEP00005_02,F1,FLD0006,20.95,5.13,49.06,0.0,24.86,0.59909
GEP00005_02,D7,FLD0052,28.29,0.0,46.43,0.0,25.28,0.6079100000000001
GEP00005_02,F5,FLD0038,0.0,36.75,39.76,0.0,23.49000000000001,0.60907
GEP00005_02,C10,FLD0075,26.83,0.0,50.38,0.0,22.789999999999992,0.6209600000000001
GEP00005_02,F8,FLD0062,25.94,0.0,51.7,0.0,22.36,0.6213
GEP00005_02,H6,FLD0048,0.0,52.48,21.64,0.0,25.879999999999995,0.6237999999999999
GEP00005_02,B7,FLD0050,37.53,0.0,36.26,0.0,26.210000000000008,0.62912
GEP00005_02,F6,FLD0046,27.79,0.0,50.28,0.0,21.93000000000001,0.6298600000000001
GEP00005_02,F3,FLD0022,51.5,0.0,16.47,0.0,32.03,0.63029
GEP00005_02,D4,FLD0028,46.23,19.3,0.0,8.18,26.289999999999992,0.6359999999999999
GEP00005_02,H3,FLD0024,0.0,71.16,0.0,0.0,28.840000000000003,0.64044
GEP00005_02,C2,FLD0011,26.34,0.0,54.28,0.0,19.379999999999995,0.6433599999999999
GEP00005_02,F11,FLD0086,22.64,18.009999999999994,37.48,0.0,21.870000000000005,0.65085
GEP00005_02,D6,FLD0044,6.71,34.54,39.16,0.0,19.590000000000003,0.65208
GEP00005_02,G1,FLD0007,19.12,14.41,47.43,0.0,19.040000000000006,0.6528999999999999
GEP00005_02,G4,FLD0031,41.35,0.0,34.93,0.0,23.72,0.6580099999999999
GEP00005_02,B6,FLD0042,14.55,57.13,0.0,0.0,28.319999999999997,0.65967
GEP00005_02,F10,FLD0078,31.09,0.0,50.68,0.0,18.230000000000004,0.66566
GEP00005_02,C6,FLD0043,0.0,66.93,9.31,0.0,23.75999999999999,0.6675399999999999
GEP00005_02,A8,FLD0057,60.23,8.28,0.0,0.0,31.49000000000001,0.67682
GEP00005_02,A2,FLD0009,68.17,0.0,0.0,0.0,31.83,0.6817
GEP00005_02,H7,FLD0056,21.28,52.51000000000001,0.0,0.0,26.209999999999994,0.6853900000000002
GEP00005_02,C12,FLD0091,50.06,20.74,0.0,0.0,29.199999999999992,0.68726
GEP00005_02,B3,FLD0018,43.49,28.35,0.0,0.0,28.16,0.6900499999999999
GEP00005_02,A6,FLD0041,0.0,76.86,0.0,0.0,23.14,0.6917399999999999
GEP00005_02,H8,FLD0064,0.0,77.28,0.0,0.0,22.72,0.69552
GEP00005_02,C8,FLD0059,0.0,77.71000000000002,0.0,0.0,22.289999999999992,0.6993900000000001
GEP00005_02,G2,FLD0015,45.33,0.0,35.41,0.0,19.260000000000005,0.7011699999999998
GEP00005_02,G3,FLD0023,57.74,15.23,0.0,0.0,27.03,0.7144699999999999
GEP00005_02,E1,FLD0005,18.35,59.13,0.0,0.0,22.52000000000001,0.71567
GEP00005_02,A7,FLD0049,66.93,5.3,0.0,0.0,27.77,0.7170000000000001
GEP00005_02,A5,FLD0033,66.43,0.0,8.06,0.0,25.50999999999999,0.72072
GEP00005_02,D11,FLD0084,72.39,0.0,0.0,0.0,27.61,0.7239
GEP00005_02,C3,FLD0019,72.57,0.0,0.0,0.0,27.43000000000001,0.7256999999999999
GEP00005_02,F4,FLD0030,64.41,9.42,0.0,0.0,26.17,0.7288799999999999
GEP00005_02,A11,FLD0081,73.38,0.0,0.0,0.0,26.620000000000005,0.7338
GEP00005_02,F9,FLD0070,73.58,0.0,0.0,0.0,26.42,0.7358
GEP00005_02,H12,FLD0096,0.0,82.28,0.0,0.0,17.72,0.7405200000000001
GEP00005_02,A12,FLD0089,75.17,0.0,0.0,0.0,24.83,0.7517
GEP00005_02,G6,FLD0047,76.09,0.0,0.0,0.0,23.91,0.7609
GEP00005_02,H1,FLD0008,72.07,5.15,0.0,0.0,22.78,0.76705
GEP00005_02,B5,FLD0034,76.83,0.0,0.0,0.0,23.17,0.7683
GEP00005_02,B12,FLD0090,0.0,86.38,0.0,0.0,13.620000000000005,0.77742
GEP00005_02,F2,FLD0014,78.39,0.0,0.0,0.0,21.61,0.7839
GEP00005_02,F7,FLD0054,78.4,0.0,0.0,0.0,21.599999999999994,0.784
GEP00005_02,G8,FLD0063,78.41,0.0,0.0,0.0,21.590000000000003,0.7841
GEP00005_02,C1,FLD0003,62.2,0.0,23.21,0.0,14.590000000000005,0.78447
GEP00005_02,H2,FLD0016,78.62,0.0,0.0,0.0,21.379999999999995,0.7862
GEP00005_02,D1,FLD0004,79.05,0.0,0.0,0.0,20.950000000000006,0.7905
GEP00005_02,D8,FLD0060,79.56,0.0,0.0,0.0,20.44,0.7956
GEP00005_02,C9,FLD0067,80.91999999999999,0.0,0.0,0.0,19.080000000000013,0.8091999999999999
GEP00005_02,A1,FLD0001,22.17,65.42999999999999,0.0,0.0,12.400000000000004,0.8105699999999999
GEP00005_02,E8,FLD0061,60.46,23.56,0.0,0.0,15.980000000000004,0.8166399999999999
GEP00005_02,A4,FLD0025,0.0,92.11,0.0,0.0,7.8900000000000015,0.82899
GEP00005_02,D2,FLD0012,82.9,0.0,0.0,0.0,17.099999999999994,0.8290000000000001
