sample_id,HighImpact,LowImpact,MediumImpact,WildType,LowFrequency,koscore
FLD0009,27.759999999999998,0.0,0.0,54.95,17.289999999999992,0.27759999999999996
FLD0081,10.25,11.46,14.33,40.38,23.58,0.31168999999999997
FLD0094,38.239999999999995,0.0,0.0,34.89,26.870000000000005,0.38239999999999996
FLD0078,38.97,0.0,0.0,37.92,23.11,0.3897
FLD0027,41.75,0.0,0.0,41.24,17.00999999999999,0.4175
FLD0084,0.0,59.9,0.0,18.03,22.069999999999993,0.4193
FLD0095,0.0,72.11,0.0,0.0,27.89,0.5047699999999999
FLD0049,0.0,75.76,0.0,0.0,24.239999999999995,0.53032
FLD0060,0.0,78.38,0.0,0.0,21.620000000000005,0.5486599999999999
FLD0041,10.31,64.59,0.0,0.0,25.099999999999994,0.55523
FLD0091,50.699999999999996,0.0,6.65,18.49,24.16000000000001,0.56685
FLD0053,23.83,48.66,0.0,0.0,27.510000000000005,0.57892
FLD0031,0.0,82.81,0.0,0.0,17.189999999999998,0.57967
FLD0051,31.82,40.53,0.0,0.0,27.650000000000006,0.6019100000000001
FLD0070,18.32,59.93,0.0,0.0,21.75,0.60271
FLD0036,32.77,40.48,0.0,0.0,26.75,0.6110599999999999
FLD0019,32.71,40.84,0.0,10.46,15.98999999999998,0.61298
FLD0087,33.06,40.44,0.0,0.0,26.5,0.61368
FLD0047,34.55,40.35,0.0,0.0,25.099999999999994,0.6279499999999999
FLD0093,37.35,36.87,0.0,0.0,25.78,0.63159
FLD0043,31.91,45.21,0.0,0.0,22.879999999999995,0.63557
FLD0017,0.0,46.01,35.29,0.0,18.700000000000003,0.6396799999999999
FLD0071,37.93,37.64,0.0,0.0,24.430000000000007,0.6427799999999999
FLD0062,37.11,39.85,0.0,0.0,23.039999999999992,0.6500499999999999
FLD0002,26.38,55.32,0.0,0.0,18.299999999999997,0.65104
FLD0005,26.01,56.48,0.0,0.0,17.510000000000005,0.6554599999999999
FLD0008,23.57,60.41,0.0,0.0,16.02000000000001,0.65857
FLD0068,39.37,38.15,0.0,0.0,22.480000000000004,0.6607499999999998
FLD0050,66.5,0.0,0.0,0.0,33.5,0.665
FLD0029,45.95,31.66,0.0,0.0,22.39,0.68112
FLD0030,0.0,0.0,76.02,0.0,23.980000000000004,0.6841799999999999
FLD0055,31.06,0.0,41.7,0.0,27.239999999999995,0.6859000000000001
FLD0069,48.82,28.34,0.0,0.0,22.840000000000003,0.68658
FLD0073,68.87,0.0,0.0,0.0,31.129999999999995,0.6887000000000001
FLD0022,63.51,0.0,6.38,14.61,15.5,0.6925199999999999
FLD0020,40.57,41.65,0.0,0.0,17.78,0.6972499999999999
FLD0013,41.18,0.0,34.39,0.0,24.430000000000007,0.72131
FLD0085,47.42,0.0,28.2,0.0,24.379999999999995,0.728
FLD0038,40.37,0.0,36.19,0.0,23.439999999999998,0.72941
FLD0045,31.59,0.0,46.16,0.0,22.25,0.73134
FLD0054,74.64,0.0,0.0,0.0,25.36,0.7464
FLD0052,74.68,0.0,0.0,0.0,25.319999999999993,0.7468
FLD0034,69.62,7.33,0.0,0.0,23.049999999999997,0.74751
FLD0079,75.16,0.0,0.0,0.0,24.840000000000003,0.7515999999999999
FLD0040,75.57,0.0,0.0,0.0,24.430000000000007,0.7556999999999999
FLD0032,75.7,0.0,0.0,0.0,24.299999999999997,0.757
FLD0044,75.74000000000001,0.0,0.0,0.0,24.25999999999999,0.7574000000000001
FLD0035,76.03,0.0,0.0,0.0,23.97,0.7603
FLD0058,76.13999999999999,0.0,0.0,0.0,23.860000000000014,0.7613999999999999
FLD0001,76.14,0.0,0.0,0.0,23.86,0.7614
FLD0042,76.14,0.0,0.0,0.0,23.86,0.7614
FLD0061,76.16,0.0,0.0,0.0,23.840000000000003,0.7615999999999999
FLD0046,76.19,0.0,0.0,0.0,23.810000000000002,0.7619
FLD0076,76.39,0.0,0.0,0.0,23.61,0.7639
FLD0021,60.07,23.4,0.0,0.0,16.53,0.7645000000000001
FLD0057,57.76,0.0,20.79,0.0,21.450000000000003,0.76471
FLD0039,76.57,0.0,0.0,0.0,23.430000000000007,0.7656999999999999
FLD0048,76.69,0.0,0.0,0.0,23.310000000000002,0.7669
FLD0067,76.8,0.0,0.0,0.0,23.200000000000003,0.768
FLD0033,76.96,0.0,0.0,0.0,23.040000000000006,0.7696
FLD0074,77.21,0.0,0.0,0.0,22.790000000000006,0.7720999999999999
FLD0077,77.28,0.0,0.0,0.0,22.72,0.7728
FLD0092,77.29,0.0,0.0,0.0,22.709999999999994,0.7729
FLD0083,77.35,0.0,0.0,0.0,22.650000000000006,0.7735
FLD0037,77.41,0.0,0.0,0.0,22.590000000000003,0.7741
FLD0063,77.54,0.0,0.0,0.0,22.459999999999994,0.7754000000000001
FLD0086,77.56,0.0,0.0,0.0,22.439999999999998,0.7756000000000001
FLD0089,77.63,0.0,0.0,0.0,22.370000000000005,0.7763
FLD0082,77.9,0.0,0.0,0.0,22.099999999999994,0.779
FLD0012,78.03,0.0,0.0,7.55,14.420000000000002,0.7803
FLD0015,78.08,0.0,0.0,0.0,21.92,0.7807999999999999
FLD0066,78.14,0.0,0.0,0.0,21.86,0.7814
FLD0090,78.14,0.0,0.0,0.0,21.86,0.7814
FLD0059,78.35,0.0,0.0,0.0,21.650000000000006,0.7835
FLD0065,78.65,0.0,0.0,0.0,21.349999999999994,0.7865000000000001
FLD0014,81.44,0.0,0.0,0.0,18.560000000000002,0.8144
FLD0025,61.99,0.0,21.66,0.0,16.349999999999994,0.8148400000000001
FLD0023,82.51,0.0,0.0,0.0,17.489999999999995,0.8251000000000001
FLD0006,82.58,0.0,0.0,0.0,17.42,0.8258
FLD0016,83.28,0.0,0.0,0.0,16.72,0.8328
FLD0004,83.47,0.0,0.0,0.0,16.53,0.8347
FLD0026,83.82,0.0,0.0,0.0,16.180000000000007,0.8382
FLD0028,84.16,0.0,0.0,0.0,15.840000000000003,0.8416
FLD0010,84.43,0.0,0.0,0.0,15.569999999999993,0.8443
FLD0018,84.53,0.0,0.0,0.0,15.469999999999999,0.8453
FLD0007,84.6,0.0,0.0,0.0,15.400000000000006,0.846
FLD0024,84.71000000000001,0.0,0.0,0.0,15.289999999999992,0.8471000000000001
FLD0003,84.86,0.0,0.0,0.0,15.14,0.8486
FLD0011,85.66,0.0,0.0,0.0,14.340000000000003,0.8565999999999999
