plate_id,well,sample_id,HighImpact,MediumImpact,LowImpact,WildType,LowFrequency,koscore
GEP00005_02,A2,FLD0009,27.76,0.0,0.0,54.95,17.289999999999992,0.2776
GEP00005_02,A11,FLD0081,10.25,14.33,11.46,40.38,23.58,0.31169
GEP00005_02,F12,FLD0094,38.24,0.0,0.0,34.89,26.870000000000005,0.3824
GEP00005_02,F10,FLD0078,38.97,0.0,0.0,37.92,23.11,0.3897
GEP00005_02,C4,FLD0027,41.75,0.0,0.0,41.24,17.00999999999999,0.4175
GEP00005_02,D11,FLD0084,0.0,0.0,59.9,18.03,22.069999999999997,0.4193
GEP00005_02,G12,FLD0095,0.0,0.0,72.11,0.0,27.89,0.5047699999999999
GEP00005_02,A7,FLD0049,0.0,0.0,75.76,0.0,24.239999999999995,0.53032
GEP00005_02,D8,FLD0060,0.0,0.0,78.38,0.0,21.620000000000005,0.5486599999999999
GEP00005_02,A6,FLD0041,10.31,0.0,64.59,0.0,25.099999999999994,0.55523
GEP00005_02,C12,FLD0091,50.7,6.65,0.0,18.49,24.16000000000001,0.56685
GEP00005_02,E7,FLD0053,23.83,0.0,48.66,0.0,27.510000000000005,0.57892
GEP00005_02,G4,FLD0031,0.0,0.0,82.81,0.0,17.189999999999998,0.57967
GEP00005_02,C7,FLD0051,31.82,0.0,40.53,0.0,27.65000000000001,0.6019100000000001
GEP00005_02,F9,FLD0070,18.32,0.0,59.93,0.0,21.75,0.6027100000000001
GEP00005_02,D5,FLD0036,32.77,0.0,40.48,0.0,26.75,0.6110599999999999
GEP00005_02,C3,FLD0019,32.71,0.0,40.84,10.46,15.98999999999998,0.61298
GEP00005_02,G11,FLD0087,33.06,0.0,40.44,0.0,26.5,0.61368
GEP00005_02,G6,FLD0047,34.55,0.0,40.35,0.0,25.099999999999994,0.6279499999999999
GEP00005_02,E12,FLD0093,37.35,0.0,36.87,0.0,25.78,0.63159
GEP00005_02,C6,FLD0043,31.91,0.0,45.21,0.0,22.879999999999995,0.63557
GEP00005_02,A3,FLD0017,0.0,35.29,46.01,0.0,18.700000000000006,0.6396799999999999
GEP00005_02,G9,FLD0071,37.93,0.0,37.64,0.0,24.43000000000001,0.6427799999999999
GEP00005_02,F8,FLD0062,37.11,0.0,39.85,0.0,23.039999999999992,0.6500499999999999
GEP00005_02,B1,FLD0002,26.38,0.0,55.32,0.0,18.3,0.65104
GEP00005_02,E1,FLD0005,26.01,0.0,56.48,0.0,17.510000000000005,0.6554599999999999
GEP00005_02,H1,FLD0008,23.57,0.0,60.41,0.0,16.02000000000001,0.65857
GEP00005_02,D9,FLD0068,39.37,0.0,38.15,0.0,22.480000000000004,0.6607499999999998
GEP00005_02,B7,FLD0050,66.5,0.0,0.0,0.0,33.5,0.665
GEP00005_02,E4,FLD0029,45.95,0.0,31.66,0.0,22.39,0.68112
GEP00005_02,F4,FLD0030,0.0,76.02,0.0,0.0,23.980000000000004,0.6841799999999999
GEP00005_02,G7,FLD0055,31.06,41.7,0.0,0.0,27.239999999999995,0.6859000000000001
GEP00005_02,E9,FLD0069,48.82,0.0,28.34,0.0,22.840000000000003,0.68658
GEP00005_02,A10,FLD0073,68.87,0.0,0.0,0.0,31.129999999999995,0.6887000000000001
GEP00005_02,F3,FLD0022,63.51,6.38,0.0,14.61,15.5,0.6925199999999999
GEP00005_02,D3,FLD0020,40.57,0.0,41.65,0.0,17.78,0.6972499999999999
GEP00005_02,E2,FLD0013,41.18,34.39,0.0,0.0,24.43000000000001,0.72131
GEP00005_02,E11,FLD0085,47.42,28.2,0.0,0.0,24.379999999999995,0.728
GEP00005_02,F5,FLD0038,40.37,36.19,0.0,0.0,23.44,0.72941
GEP00005_02,E6,FLD0045,31.59,46.16,0.0,0.0,22.25,0.73134
GEP00005_02,F7,FLD0054,74.64,0.0,0.0,0.0,25.36,0.7464
GEP00005_02,D7,FLD0052,74.68,0.0,0.0,0.0,25.319999999999997,0.7468
GEP00005_02,B5,FLD0034,69.62,0.0,7.33,0.0,23.05,0.74751
GEP00005_02,G10,FLD0079,75.16,0.0,0.0,0.0,24.840000000000003,0.7515999999999999
GEP00005_02,H5,FLD0040,75.57,0.0,0.0,0.0,24.43000000000001,0.7556999999999999
GEP00005_02,H4,FLD0032,75.7,0.0,0.0,0.0,24.3,0.757
GEP00005_02,D6,FLD0044,75.74000000000002,0.0,0.0,0.0,24.25999999999999,0.7574000000000001
GEP00005_02,C5,FLD0035,76.03,0.0,0.0,0.0,23.97,0.7603
GEP00005_02,B8,FLD0058,76.13999999999999,0.0,0.0,0.0,23.86000000000001,0.7613999999999999
GEP00005_02,A1,FLD0001,76.14,0.0,0.0,0.0,23.86,0.7614
GEP00005_02,B6,FLD0042,76.14,0.0,0.0,0.0,23.86,0.7614
GEP00005_02,E8,FLD0061,76.16,0.0,0.0,0.0,23.840000000000003,0.7615999999999999
GEP00005_02,F6,FLD0046,76.19,0.0,0.0,0.0,23.81,0.7619
GEP00005_02,D10,FLD0076,76.39,0.0,0.0,0.0,23.61,0.7639
GEP00005_02,E3,FLD0021,60.07,0.0,23.4,0.0,16.53,0.7645000000000001
GEP00005_02,A8,FLD0057,57.76,20.79,0.0,0.0,21.450000000000006,0.76471
GEP00005_02,G5,FLD0039,76.57,0.0,0.0,0.0,23.43000000000001,0.7656999999999999
GEP00005_02,H6,FLD0048,76.69,0.0,0.0,0.0,23.31,0.7669
GEP00005_02,C9,FLD0067,76.8,0.0,0.0,0.0,23.200000000000006,0.768
GEP00005_02,A5,FLD0033,76.96,0.0,0.0,0.0,23.04000000000001,0.7696
GEP00005_02,B10,FLD0074,77.21,0.0,0.0,0.0,22.79000000000001,0.7720999999999999
GEP00005_02,E10,FLD0077,77.28,0.0,0.0,0.0,22.72,0.7728
GEP00005_02,D12,FLD0092,77.29,0.0,0.0,0.0,22.709999999999994,0.7729
GEP00005_02,C11,FLD0083,77.35,0.0,0.0,0.0,22.65000000000001,0.7735
GEP00005_02,E5,FLD0037,77.41,0.0,0.0,0.0,22.590000000000003,0.7741
GEP00005_02,G8,FLD0063,77.54,0.0,0.0,0.0,22.459999999999994,0.7754000000000001
GEP00005_02,F11,FLD0086,77.56,0.0,0.0,0.0,22.44,0.7756000000000001
GEP00005_02,A12,FLD0089,77.63,0.0,0.0,0.0,22.370000000000005,0.7763
GEP00005_02,B11,FLD0082,77.9,0.0,0.0,0.0,22.099999999999994,0.779
GEP00005_02,D2,FLD0012,78.03,0.0,0.0,7.55,14.420000000000002,0.7803
GEP00005_02,G2,FLD0015,78.08,0.0,0.0,0.0,21.92,0.7807999999999999
GEP00005_02,B9,FLD0066,78.14,0.0,0.0,0.0,21.86,0.7814
GEP00005_02,B12,FLD0090,78.14,0.0,0.0,0.0,21.86,0.7814
GEP00005_02,C8,FLD0059,78.35,0.0,0.0,0.0,21.65000000000001,0.7835
GEP00005_02,A9,FLD0065,78.65,0.0,0.0,0.0,21.349999999999994,0.7865000000000001
GEP00005_02,F2,FLD0014,81.44,0.0,0.0,0.0,18.56,0.8144
GEP00005_02,A4,FLD0025,61.99,21.66,0.0,0.0,16.349999999999994,0.8148400000000001
GEP00005_02,G3,FLD0023,82.51,0.0,0.0,0.0,17.489999999999995,0.8251000000000001
GEP00005_02,F1,FLD0006,82.58,0.0,0.0,0.0,17.42,0.8258
GEP00005_02,H2,FLD0016,83.28,0.0,0.0,0.0,16.72,0.8328
GEP00005_02,D1,FLD0004,83.47,0.0,0.0,0.0,16.53,0.8347
GEP00005_02,B4,FLD0026,83.82,0.0,0.0,0.0,16.180000000000007,0.8382
GEP00005_02,D4,FLD0028,84.16,0.0,0.0,0.0,15.840000000000005,0.8416
GEP00005_02,B2,FLD0010,84.43,0.0,0.0,0.0,15.569999999999993,0.8443
GEP00005_02,B3,FLD0018,84.53,0.0,0.0,0.0,15.47,0.8453
GEP00005_02,G1,FLD0007,84.6,0.0,0.0,0.0,15.400000000000004,0.846
GEP00005_02,H3,FLD0024,84.71000000000002,0.0,0.0,0.0,15.289999999999992,0.8471000000000001
GEP00005_02,C1,FLD0003,84.86,0.0,0.0,0.0,15.14,0.8486
GEP00005_02,C2,FLD0011,85.66,0.0,0.0,0.0,14.340000000000005,0.8565999999999999
