sample_id,HighImpact,LowImpact,MediumImpact,WildType,LowFrequency,koscore
FLD0229,0.0,0.0,0.0,90.31,9.689999999999998,0.0
FLD0227,0.0,0.0,0.0,91.73,8.269999999999996,0.0
FLD0226,0.0,0.0,0.0,92.15,7.849999999999994,0.0
FLD0231,0.0,0.0,0.0,92.13,7.8700000000000045,0.0
FLD0224,0.0,0.0,0.0,92.24,7.760000000000005,0.0
FLD0223,0.0,0.0,0.0,92.34,7.659999999999997,0.0
FLD0234,0.0,0.0,0.0,91.1,8.900000000000006,0.0
FLD0220,0.0,0.0,0.0,91.52,8.480000000000004,0.0
FLD0235,0.0,0.0,0.0,91.64,8.36,0.0
FLD0218,0.0,0.0,0.0,90.73,9.269999999999996,0.0
FLD0236,0.0,0.0,0.0,92.83,7.170000000000002,0.0
FLD0238,0.0,0.0,0.0,92.05,7.950000000000003,0.0
FLD0240,0.0,0.0,0.0,92.8,7.200000000000003,0.0
FLD0267,0.0,0.0,0.0,83.33,16.67,0.0
FLD0230,0.0,0.0,0.0,92.33,7.670000000000002,0.0
FLD0212,0.0,0.0,0.0,90.86,9.14,0.0
FLD0201,0.0,0.0,0.0,93.14,6.859999999999999,0.0
FLD0209,0.0,0.0,0.0,91.19,8.810000000000002,0.0
FLD0208,0.0,0.0,0.0,92.63,7.3700000000000045,0.0
FLD0195,0.0,0.0,0.0,91.37,8.629999999999995,0.0
FLD0207,0.0,0.0,0.0,89.78,10.219999999999999,0.0
FLD0205,0.0,0.0,0.0,92.74,7.260000000000005,0.0
FLD0196,0.0,0.0,0.0,90.83,9.170000000000002,0.0
FLD0200,0.0,0.0,0.0,91.65,8.349999999999994,0.0
FLD0199,0.0,0.0,0.0,86.87,13.129999999999995,0.0
FLD0286,0.0,38.57,0.0,0.0,61.43,3.857
FLD0285,0.0,45.16,0.0,0.0,54.84,4.516
FLD0284,0.0,49.98,0.0,43.62,6.400000000000006,4.998
FLD0221,0.0,54.98,0.0,37.11,7.909999999999997,5.498
FLD0272,0.0,69.48,0.0,0.0,30.519999999999996,6.948
FLD0271,0.0,75.24,0.0,0.0,24.760000000000005,7.524
FLD0287,0.0,81.03,0.0,0.0,18.97,8.103
FLD0211,0.0,83.42,0.0,0.0,16.58,8.342
FLD0266,0.0,84.9,0.0,0.0,15.099999999999994,8.49
FLD0270,0.0,88.3,0.0,0.0,11.700000000000003,8.83
FLD0288,0.0,88.99,0.0,0.0,11.010000000000005,8.899
FLD0275,0.0,89.12,0.0,0.0,10.879999999999995,8.912
FLD0282,0.0,89.92,0.0,0.0,10.079999999999998,8.992
FLD0215,0.0,90.09,0.0,0.0,9.909999999999997,9.009
FLD0276,0.0,90.19,0.0,0.0,9.810000000000002,9.019
FLD0283,0.0,90.54,0.0,0.0,9.459999999999994,9.054
FLD0281,0.0,90.88,0.0,0.0,9.120000000000005,9.088
FLD0216,0.0,90.92,0.0,0.0,9.079999999999998,9.092
FLD0273,0.0,91.14,0.0,0.0,8.86,9.114
FLD0280,0.0,91.75,0.0,0.0,8.25,9.175
FLD0268,0.0,91.78999999999999,0.0,0.0,8.210000000000008,9.179
FLD0277,0.0,91.79,0.0,0.0,8.209999999999994,9.179
FLD0269,0.0,91.98,0.0,0.0,8.019999999999996,9.198
FLD0265,0.0,92.28,0.0,0.0,7.719999999999999,9.228
FLD0279,0.0,92.56,0.0,0.0,7.439999999999998,9.256
FLD0274,0.0,92.71000000000001,0.0,0.0,7.289999999999992,9.271
FLD0206,0.0,93.83,0.0,0.0,6.170000000000002,9.383000000000001
FLD0197,0.0,68.31,24.45,0.0,7.239999999999995,21.500999999999998
FLD0222,34.44,57.89,0.0,0.0,7.670000000000002,40.229
FLD0219,44.7,0.0,0.0,45.91,9.39,44.7
FLD0233,41.78,50.67,0.0,0.0,7.549999999999997,46.847
FLD0239,42.05,50.46,0.0,0.0,7.490000000000009,47.096
FLD0202,43.87,48.77,0.0,0.0,7.359999999999999,48.747
FLD0228,44.56,47.08,0.0,0.0,8.36,49.268
FLD0237,46.44,46.19,0.0,0.0,7.3700000000000045,51.059
FLD0210,48.25,42.11,0.0,0.0,9.64,52.461
FLD0225,87.53,0.0,0.0,0.0,12.469999999999999,87.53
FLD0214,89.32,0.0,0.0,0.0,10.680000000000007,89.32
FLD0213,90.43,0.0,0.0,0.0,9.569999999999993,90.43
FLD0193,90.59,0.0,0.0,0.0,9.409999999999997,90.59
FLD0217,90.83,0.0,0.0,0.0,9.170000000000002,90.83
FLD0198,91.06,0.0,0.0,0.0,8.939999999999998,91.06
FLD0204,92.51,0.0,0.0,0.0,7.489999999999995,92.51
FLD0232,92.53,0.0,0.0,0.0,7.469999999999999,92.53
