sample_id,HighImpact,LowImpact,MediumImpact,WildType,LowFrequency,koscore
FLD0229,0.0,0.0,0.0,90.31,9.689999999999998,0.0
FLD0231,0.0,0.0,0.0,92.13,7.8700000000000045,0.0
FLD0227,0.0,0.0,0.0,91.73,8.269999999999996,0.0
FLD0226,0.0,0.0,0.0,92.15,7.849999999999994,0.0
FLD0234,0.0,0.0,0.0,91.1,8.900000000000006,0.0
FLD0224,0.0,0.0,0.0,92.24,7.760000000000005,0.0
FLD0223,0.0,0.0,0.0,92.34,7.659999999999997,0.0
FLD0235,0.0,0.0,0.0,91.64,8.36,0.0
FLD0220,0.0,0.0,0.0,91.52,8.480000000000004,0.0
FLD0218,0.0,0.0,0.0,90.73,9.269999999999996,0.0
FLD0236,0.0,0.0,0.0,92.83,7.170000000000002,0.0
FLD0238,0.0,0.0,0.0,92.05,7.950000000000003,0.0
FLD0240,0.0,0.0,0.0,92.8,7.200000000000003,0.0
FLD0267,0.0,0.0,0.0,83.33,16.67,0.0
FLD0212,0.0,0.0,0.0,90.86,9.14,0.0
FLD0230,0.0,0.0,0.0,92.33,7.670000000000002,0.0
FLD0195,0.0,0.0,0.0,91.37,8.629999999999995,0.0
FLD0196,0.0,0.0,0.0,90.83,9.170000000000002,0.0
FLD0208,0.0,0.0,0.0,92.63,7.3700000000000045,0.0
FLD0207,0.0,0.0,0.0,89.78,10.219999999999999,0.0
FLD0205,0.0,0.0,0.0,92.74,7.260000000000005,0.0
FLD0199,0.0,0.0,0.0,86.87,13.129999999999995,0.0
FLD0200,0.0,0.0,0.0,91.65,8.349999999999994,0.0
FLD0209,0.0,0.0,0.0,91.19,8.810000000000002,0.0
FLD0201,0.0,0.0,0.0,93.14,6.859999999999999,0.0
FLD0286,0.0,38.57,0.0,0.0,61.43,0.26999
FLD0285,0.0,45.16,0.0,0.0,54.84,0.31611999999999996
FLD0284,0.0,49.98,0.0,43.62,6.400000000000006,0.34985999999999995
FLD0221,0.0,54.98,0.0,37.11,7.909999999999997,0.38486
FLD0219,44.7,0.0,0.0,45.91,9.39,0.447
FLD0272,0.0,69.48,0.0,0.0,30.519999999999996,0.48636
FLD0271,0.0,75.24,0.0,0.0,24.760000000000005,0.5266799999999999
FLD0287,0.0,81.03,0.0,0.0,18.97,0.56721
FLD0211,0.0,83.42,0.0,0.0,16.58,0.58394
FLD0266,0.0,84.9,0.0,0.0,15.099999999999994,0.5943
FLD0270,0.0,88.3,0.0,0.0,11.700000000000003,0.6181
FLD0288,0.0,88.99,0.0,0.0,11.010000000000005,0.6229299999999999
FLD0275,0.0,89.12,0.0,0.0,10.879999999999995,0.62384
FLD0282,0.0,89.92,0.0,0.0,10.079999999999998,0.62944
FLD0215,0.0,90.09,0.0,0.0,9.909999999999997,0.6306299999999999
FLD0276,0.0,90.19,0.0,0.0,9.810000000000002,0.63133
FLD0283,0.0,90.54,0.0,0.0,9.459999999999994,0.63378
FLD0281,0.0,90.88,0.0,0.0,9.120000000000005,0.63616
FLD0216,0.0,90.92,0.0,0.0,9.079999999999998,0.63644
FLD0273,0.0,91.14,0.0,0.0,8.86,0.63798
FLD0280,0.0,91.75,0.0,0.0,8.25,0.64225
FLD0268,0.0,91.78999999999999,0.0,0.0,8.210000000000008,0.6425299999999998
FLD0277,0.0,91.79,0.0,0.0,8.209999999999994,0.64253
FLD0269,0.0,91.98,0.0,0.0,8.019999999999996,0.64386
FLD0265,0.0,92.28,0.0,0.0,7.719999999999999,0.6459600000000001
FLD0279,0.0,92.56,0.0,0.0,7.439999999999998,0.64792
FLD0274,0.0,92.71000000000001,0.0,0.0,7.289999999999992,0.64897
FLD0206,0.0,93.83,0.0,0.0,6.170000000000002,0.65681
FLD0197,0.0,68.31,24.45,0.0,7.239999999999995,0.6982200000000001
FLD0222,34.44,57.89,0.0,0.0,7.670000000000002,0.7496299999999999
FLD0233,41.78,50.67,0.0,0.0,7.549999999999997,0.7724899999999999
FLD0239,42.05,50.46,0.0,0.0,7.490000000000009,0.7737199999999999
FLD0228,44.56,47.08,0.0,0.0,8.36,0.77516
FLD0210,48.25,42.11,0.0,0.0,9.64,0.77727
FLD0202,43.87,48.77,0.0,0.0,7.359999999999999,0.78009
FLD0237,46.44,46.19,0.0,0.0,7.3700000000000045,0.7877299999999999
FLD0225,87.53,0.0,0.0,0.0,12.469999999999999,0.8753
FLD0214,89.32,0.0,0.0,0.0,10.680000000000007,0.8931999999999999
FLD0213,90.43,0.0,0.0,0.0,9.569999999999993,0.9043000000000001
FLD0193,90.59,0.0,0.0,0.0,9.409999999999997,0.9059
FLD0217,90.83,0.0,0.0,0.0,9.170000000000002,0.9083
FLD0198,91.06,0.0,0.0,0.0,8.939999999999998,0.9106000000000001
FLD0204,92.51,0.0,0.0,0.0,7.489999999999995,0.9251
FLD0232,92.53,0.0,0.0,0.0,7.469999999999999,0.9253
